Date,Open,High,Low,Close,Volume
2018-01-01,1054.98,1071.92,1035.52,1053.89,3112674
2018-01-02,1052.48,1059.11,1046.36,1052.68,1009034
2018-01-03,1049.35,1068.81,1040.07,1053.22,2887634
2018-01-04,1044.79,1045.55,1034.76,1041.43,3614959
2018-01-05,1052.28,1063.72,1040.62,1051.85,1312100
2018-01-08,1061.43,1072.68,1040.41,1058.64,1382500
2018-01-09,1060.60,1080.21,1050.06,1063.22,1290167
2018-01-10,1061.73,1076.28,1061.27,1066.71,3376436
2018-01-11,1052.69,1067.69,1041.64,1054.20,3206459
2018-01-12,1042.64,1055.91,1035.65,1045.01,3438091
2018-01-15,1038.29,1049.96,1017.81,1035.74,3587276
2018-01-16,1038.49,1044.34,1037.89,1039.95,1962245
2018-01-17,1050.88,1061.83,1040.98,1051.44,1181688
2018-01-18,1061.50,1080.97,1047.35,1063.75,2662143
2018-01-19,1078.08,1098.14,1072.91,1082.66,3437835
2018-01-22,1066.83,1073.39,1062.10,1067.64,3660913
2018-01-23,1052.06,1064.88,1047.34,1054.65,2594740
2018-01-24,1061.26,1065.62,1043.71,1057.32,1676189
2018-01-25,1048.72,1056.04,1041.81,1048.76,2436688
2018-01-26,1036.98,1037.28,1033.00,1035.27,3188914
2018-01-29,1043.37,1063.68,1039.64,1049.02,1417851
2018-01-30,1050.41,1066.48,1045.69,1053.95,3211784
2018-01-31,1059.99,1070.12,1045.55,1057.81,3654474
2018-02-01,1064.84,1069.04,1043.06,1058.29,2319537
2018-02-02,1054.04,1062.26,1048.20,1054.72,3229620
2018-02-05,1040.12,1048.37,1026.11,1036.98,3785834
2018-02-06,1048.42,1061.59,1030.61,1046.76,2389145
2018-02-07,1036.73,1049.76,1025.64,1037.67,2278281
2018-02-08,1029.76,1034.78,1012.92,1024.97,3351289
2018-02-09,1031.05,1045.07,1022.36,1032.47,2969754
2018-02-12,1045.76,1063.87,1042.61,1051.30,1658271
2018-02-13,1043.96,1054.31,1042.37,1046.76,1829609
2018-02-14,1050.17,1064.00,1045.49,1053.82,2174701
2018-02-15,1064.92,1083.72,1062.51,1069.85,2403440
2018-02-16,1080.81,1090.22,1065.24,1077.65,2666212
2018-02-19,1081.84,1093.51,1072.53,1081.63,3054175
2018-02-20,1072.70,1088.62,1069.18,1076.07,1944047
2018-02-21,1073.45,1088.12,1072.56,1077.22,3149204
2018-02-22,1082.73,1100.77,1080.12,1087.12,1654339
2018-02-23,1084.48,1093.00,1078.80,1088.04,3324175
2018-02-26,1096.12,1100.12,1080.81,1091.62,2066614
2018-02-27,1089.59,1103.12,1086.94,1092.69,2308404
2018-02-28,1091.18,1091.71,1079.34,1086.63,3052731
2018-03-01,1086.87,1093.61,1068.07,1082.25,1695347
2018-03-02,1073.16,1084.97,1067.30,1075.35,3180532
2018-03-05,1085.15,1105.63,1078.36,1089.87,2351518
2018-03-06,1091.04,1099.12,1085.82,1093.04,1862553
2018-03-07,1081.12,1099.34,1081.02,1092.83,3098882
2018-03-08,1094.80,1099.97,1089.38,1095.23,2129127
2018-03-09,1108.12,1117.44,1097.12,1109.58,3068139
2018-03-12,1103.69,1124.90,1103.68,1116.36,2145474
2018-03-13,1114.22,1119.28,1097.84,1109.23,2756089
2018-03-14,1117.80,1133.42,1116.03,1122.50,2133593
2018-03-15,1126.58,1132.14,1117.13,1123.78,2657587
2018-03-16,1119.92,1134.16,1116.35,1124.01,2701387
2018-03-19,1116.74,1117.84,1099.45,1110.37,2204531
2018-03-20,1108.04,1118.84,1102.07,1103.26,2392175
2018-03-21,1102.49,1117.37,1101.70,1105.85,3034711
2018-03-22,1093.31,1095.21,1077.35,1086.32,2778538
2018-03-23,1089.71,1090.66,1068.27,1082.90,2911793
2018-03-26,1097.80,1109.02,1088.78,1098.60,3079232
2018-03-27,1106.30,1110.21,1072.00,1095.32,2428469
2018-03-28,1084.92,1097.26,1067.12,1082.34,2904633
2018-03-29,1094.73,1101.24,1083.45,1096.60,1928366
2018-03-30,1092.34,1092.77,1080.16,1088.58,2428389
2018-04-02,1080.57,1087.16,1063.89,1076.53,3214424
2018-04-03,1078.30,1097.06,1075.53,1086.35,2180671
2018-04-04,1072.49,1096.21,1071.72,1086.86,2489744
2018-04-05,1097.55,1110.57,1096.12,1104.03,2317608
2018-04-06,1089.35,1090.92,1072.21,1082.34,2784212
2018-04-09,1090.60,1106.18,1086.41,1095.00,2088741
2018-04-10,1107.85,1110.94,1095.24,1102.76,2070275
2018-04-11,1097.48,1107.12,1092.94,1099.12,1710824
2018-04-12,1108.08,1113.31,1100.86,1108.05,1712288
2018-04-13,1111.14,1125.22,1105.83,1113.36,2293588
2018-04-16,1119.78,1137.12,1117.19,1127.63,1720285
2018-04-17,1127.72,1132.21,1114.58,1124.65,1822404
2018-04-18,1117.47,1134.79,1117.32,1128.60,2054060
2018-04-19,1118.37,1122.49,1096.20,1112.03,2248369
2018-04-20,1110.85,1115.17,1088.53,1104.65,2536333
2018-04-23,1098.58,1098.92,1077.63,1088.93,3009175
2018-04-24,1079.44,1087.66,1066.34,1077.79,2986136
2018-04-25,1084.00,1099.64,1081.73,1090.12,2407485
2018-04-26,1098.17,1107.34,1087.20,1097.12,2144307
2018-04-27,1101.91,1117.12,1101.18,1109.40,2333399
2018-04-30,1099.66,1102.85,1090.05,1097.02,2358022
2018-05-01,1102.17,1117.63,1092.12,1103.71,1909732
2018-05-02,1089.93,1103.52,1088.21,1096.12,1915903
2018-05-03,1081.67,1083.56,1068.32,1076.82,2265123
2018-05-04,1079.04,1090.18,1074.12,1081.42,2065478
2018-05-07,1088.12,1104.88,1088.04,1097.01,1824478
2018-05-08,1092.91,1105.16,1092.20,1099.05,1515752
2018-05-09,1110.31,1112.21,1104.48,1109.05,1623979
2018-05-10,1114.15,1123.97,1114.04,1119.60,1634266
2018-05-11,1111.76,1120.77,1107.63,1114.37,1504865
2018-05-14,1114.37,1122.28,1109.75,1114.73,1405151
2018-05-15,1108.96,1110.72,1100.04,1107.27,2150795
2018-05-16,1102.17,1111.64,1100.64,1105.73,1573233
2018-05-17,1100.83,1105.12,1093.06,1099.54,1709526
2018-05-18,1096.15,1107.95,1096.12,1102.42,1759699
2018-05-21,1109.84,1111.56,1096.12,1102.77,1878452
2018-05-22,1110.36,1112.70,1094.12,1102.84,1633582
2018-05-23,1102.83,1113.46,1102.82,1107.87,1536121
2018-05-24,1110.12,1122.12,1107.12,1112.79,2038642
2018-05-25,1108.04,1116.27,1103.62,1109.36,1546175
2018-05-28,1109.91,1117.12,1105.32,1110.58,1414249
2018-05-29,1100.86,1106.87,1094.12,1101.12,2142064
2018-05-30,1105.12,1110.52,1098.12,1102.97,1861347
2018-05-31,1092.12,1097.12,1087.32,1092.23,2464712
2018-06-01,1103.12,1123.12,1102.12,1112.12,1847120
2018-06-04,1119.52,1131.12,1117.12,1123.86,1626231
2018-06-05,1124.12,1125.91,1114.12,1118.72,1617531
2018-06-06,1121.86,1129.36,1117.12,1123.53,1476175
2018-06-07,1116.12,1120.12,1113.12,1116.18,1522641
2018-06-08,1112.12,1118.12,1109.12,1112.80,1492614
2018-06-11,1109.52,1119.54,1107.12,1113.73,1387531
2018-06-12,1114.12,1121.95,1114.10,1118.08,1228614
2018-06-13,1122.12,1128.12,1117.52,1121.12,1537612
2018-06-14,1125.12,1130.12,1121.12,1126.52,1384613
2018-06-15,1125.12,1130.12,1122.12,1126.12,1917614
2018-06-18,1121.12,1123.85,1116.12,1120.03,1673145
2018-06-19,1117.72,1124.12,1116.12,1120.12,1648142
2018-06-20,1122.12,1132.12,1121.12,1126.42,1493753
2018-06-21,1127.12,1132.12,1119.32,1124.12,1684614
2018-06-22,1127.52,1132.12,1121.12,1125.12,1749614
2018-06-25,1122.12,1127.12,1115.12,1120.42,1852614
2018-06-26,1117.12,1124.12,1116.12,1119.52,1783614
2018-06-27,1121.52,1127.12,1110.12,1118.12,2075614
2018-06-28,1110.12,1112.95,1100.12,1105.12,2393614
2018-06-29,1109.12,1115.12,1101.12,1108.12,2159614
2018-07-02,1102.12,1112.12,1100.12,1107.12,1947614
2018-07-03,1110.12,1113.12,1104.12,1108.12,1259614
2018-07-04,1104.12,1110.12,1097.12,1101.12,1637614
2018-07-05,1106.12,1113.12,1101.12,1107.12,1567614
2018-07-06,1110.12,1123.12,1110.12,1116.12,1478614
2018-07-09,1121.12,1135.12,1118.12,1127.12,1583614
2018-07-10,1129.12,1136.12,1124.12,1130.12,1426614
2018-07-11,1124.12,1128.12,1119.12,1122.12,1539614
2018-07-12,1128.12,1143.12,1127.12,1135.12,1687614
2018-07-13,1132.12,1136.12,1128.12,1132.12,1429614
2018-07-16,1128.12,1130.12,1120.12,1125.12,1538614
2018-07-17,1122.12,1132.12,1121.12,1127.12,1694614
2018-07-18,1130.12,1142.12,1129.12,1136.12,1739614
2018-07-19,1132.12,1136.12,1125.12,1130.12,1647614
2018-07-20,1126.12,1131.12,1124.12,1129.12,1528614
2018-07-23,1132.12,1146.12,1132.12,1140.12,1639614
2018-07-24,1142.12,1161.12,1141.12,1152.12,2167614
2018-07-25,1150.12,1155.12,1145.12,1150.12,1837614
2018-07-26,1145.12,1150.12,1140.12,1145.12,1728614
2018-07-27,1150.12,1161.12,1148.12,1155.12,2136614
2018-07-30,1151.12,1154.12,1142.12,1147.12,2075614
2018-07-31,1149.12,1155.12,1144.12,1151.12,1928614
2018-08-01,1153.12,1165.12,1152.12,1160.12,2137614
2018-08-02,1157.12,1163.12,1152.12,1157.12,1824614
2018-08-03,1155.12,1162.12,1153.12,1159.12,1736614
2018-08-06,1161.12,1167.12,1155.12,1160.12,1592614
2018-08-07,1162.12,1181.12,1161.12,1175.12,2147614
2018-08-08,1177.12,1188.12,1175.12,1183.12,2053614
2018-08-09,1180.12,1187.12,1175.12,1181.12,1837614
2018-08-10,1174.12,1181.12,1168.12,1175.12,1729614
2018-08-13,1178.12,1182.12,1172.12,1179.12,1637614
2018-08-14,1183.12,1194.12,1179.12,1188.12,1759614
2018-08-15,1182.12,1186.12,1172.12,1178.12,1839614
2018-08-16,1184.12,1193.12,1180.12,1188.12,1738614
2018-08-17,1183.12,1189.12,1180.12,1184.12,1627614
2018-08-20,1186.12,1196.12,1184.12,1190.12,1692614
2018-08-21,1188.12,1192.12,1182.12,1188.12,1583614
2018-08-22,1191.12,1197.12,1188.12,1193.12,1476614
2018-08-23,1189.12,1193.12,1184.12,1189.12,1529614
2018-08-24,1193.12,1199.12,1190.12,1195.12,1634614
2018-08-27,1198.12,1207.12,1195.12,1201.12,1759614
2018-08-28,1200.12,1205.12,1196.12,1199.12,1693614
2018-08-29,1202.12,1213.12,1202.12,1209.12,1869614
2018-08-30,1206.12,1210.12,1199.12,1203.12,1754614
2018-08-31,1199.12,1202.12,1191.12,1196.12,1967614
2018-09-03,1199.12,1206.12,1197.12,1202.12,1576614
2018-09-04,1198.12,1202.12,1192.12,1197.12,1829614
2018-09-05,1193.12,1197.12,1183.12,1188.12,2179614
2018-09-06,1186.12,1193.12,1182.12,1187.12,1918614
2018-09-07,1181.12,1184.12,1170.12,1175.12,2274614
2018-09-10,1177.12,1183.12,1172.12,1178.12,1872614
2018-09-11,1174.12,1182.12,1172.12,1177.12,1652614
2018-09-12,1180.12,1190.12,1178.12,1187.12,1738614
2018-09-13,1192.12,1200.12,1190.12,1196.12,1864614
2018-09-14,1193.12,1197.12,1190.12,1193.12,1592614
2018-09-17,1188.12,1192.12,1178.12,1183.12,1839614
2018-09-18,1187.12,1193.12,1180.12,1186.12,1729614
2018-09-19,1183.12,1188.12,1180.12,1184.12,1538614
2018-09-20,1189.12,1198.12,1187.12,1193.12,1692614
2018-09-21,1191.12,1195.12,1184.12,1188.12,2167614
2018-09-24,1182.12,1186.12,1175.12,1180.12,1892614
2018-09-25,1183.12,1190.12,1181.12,1186.12,1637614
2018-09-26,1182.12,1187.12,1178.12,1180.12,1729614
2018-09-27,1183.12,1192.12,1180.12,1187.12,1583614
2018-09-28,1183.12,1187.12,1179.12,1183.12,1629614
2018-10-01,1187.12,1194.12,1184.12,1189.12,1538614
2018-10-02,1182.12,1186.12,1173.12,1177.12,1849614
2018-10-03,1180.12,1185.12,1175.12,1181.12,1736614
2018-10-04,1173.12,1177.12,1160.12,1167.12,2179614
2018-10-05,1168.12,1171.12,1157.12,1164.12,2051614
2018-10-08,1158.12,1162.12,1147.12,1155.12,2374614
2018-10-09,1156.12,1169.12,1153.12,1163.12,1892614
2018-10-10,1149.12,1156.12,1139.12,1146.12,2593614
2018-10-11,1124.12,1131.12,1101.12,1109.12,3721614
2018-10-12,1126.12,1139.12,1120.12,1131.12,2579614
2018-10-15,1130.12,1141.12,1121.12,1130.12,2174614
2018-10-16,1142.12,1157.12,1139.12,1148.12,2036614
2018-10-17,1149.12,1158.12,1146.12,1154.12,1739614
2018-10-18,1147.12,1152.12,1138.12,1145.12,1859614
2018-10-19,1138.12,1143.12,1131.12,1137.12,1976614
2018-10-22,1134.12,1141.12,1127.12,1134.12,1893614
2018-10-23,1118.12,1123.12,1098.12,1105.12,2874614
2018-10-24,1082.12,1093.12,1068.12,1076.12,3175614
2018-10-25,1098.12,1106.12,1091.12,1100.12,2361614
2018-10-26,1087.12,1095.12,1070.12,1078.12,2764614
2018-10-29,1092.12,1101.12,1079.12,1089.12,2319614
2018-10-30,1079.12,1098.12,1073.12,1087.12,2463614
2018-10-31,1097.12,1107.12,1093.12,1103.12,2175614
2018-11-01,1107.12,1119.12,1104.12,1112.12,2061614
2018-11-02,1110.12,1116.12,1103.12,1109.12,1853614
2018-11-05,1113.12,1119.12,1105.12,1112.12,1761614
2018-11-06,1108.12,1112.12,1100.12,1105.12,1684614
2018-11-07,1119.12,1129.12,1117.12,1123.12,2049614
2018-11-08,1120.12,1126.12,1114.12,1119.12,1673614
2018-11-09,1110.12,1115.12,1101.12,1109.12,1872614
2018-11-12,1091.12,1097.12,1079.12,1086.12,2371614
2018-11-13,1090.12,1096.12,1079.12,1088.12,1962614
2018-11-14,1095.12,1102.12,1089.12,1094.12,1739614
2018-11-15,1097.12,1107.12,1093.12,1103.12,1862614
2018-11-16,1104.12,1113.12,1100.12,1107.12,1792614
2018-11-19,1092.12,1103.12,1089.12,1095.12,2063614
2018-11-20,1068.12,1075.12,1059.12,1064.12,2784614
2018-11-21,1076.12,1085.12,1071.12,1077.12,2147614
2018-11-22,1080.12,1083.12,1072.12,1078.12,1624614
2018-11-23,1071.12,1075.12,1060.12,1067.12,1926614
2018-11-26,1077.12,1089.12,1075.12,1083.12,1759614
2018-11-27,1079.12,1084.12,1070.12,1078.12,1838614
2018-11-28,1091.12,1103.12,1089.12,1097.12,2159614
2018-11-29,1095.12,1100.12,1089.12,1094.12,1765614
2018-11-30,1099.12,1105.12,1093.12,1100.12,1972614
2018-12-03,1116.12,1128.12,1114.12,1121.12,2138614
2018-12-04,1109.12,1114.12,1091.12,1096.12,2374614
2018-12-05,1084.12,1091.12,1074.12,1085.12,2057614
2018-12-06,1069.12,1076.12,1058.12,1068.12,2594614
2018-12-07,1060.12,1065.12,1041.12,1047.12,2876614
2018-12-10,1035.12,1043.12,1023.12,1033.12,2977614
2018-12-11,1041.12,1049.12,1032.12,1045.12,2278614
2018-12-12,1057.12,1065.12,1051.12,1058.12,1975614
2018-12-13,1067.12,1075.12,1060.12,1068.12,1829614
2018-12-14,1061.12,1068.12,1051.12,1057.12,2145614
2018-12-17,1042.12,1049.12,1030.12,1037.12,2671614
2018-12-18,1041.12,1048.12,1031.12,1038.12,2183614
2018-12-19,1030.12,1035.12,1017.12,1023.12,2561614
2018-12-20,1012.12,1018.12,998.12,1004.12,3076614
2018-12-21,995.12,1001.12,982.12,988.12,3271614
2018-12-24,970.12,984.12,961.12,976.12,2974614
2018-12-25,987.12,997.12,984.12,990.12,2376614
2018-12-26,1006.12,1018.12,997.12,1010.12,2468614
2018-12-27,1003.12,1011.12,991.12,1000.12,2276614
2018-12-28,1007.12,1017.12,1001.12,1012.12,1967614
2018-12-31,1024.12,1037.12,1018.12,1031.12,1859614
2019-01-01,1036.12,1045.12,1031.12,1037.12,1564614
2019-01-02,1032.12,1041.12,1026.12,1035.12,1937614
2019-01-03,1015.12,1022.12,1007.12,1016.12,2679614
2019-01-04,1036.12,1046.12,1032.12,1041.12,2075614
2019-01-07,1051.12,1060.12,1047.12,1054.12,1864614
2019-01-08,1061.12,1071.12,1056.12,1065.12,1739614
2019-01-09,1072.12,1080.12,1068.12,1074.12,1635614
2019-01-10,1071.12,1079.12,1067.12,1073.12,1563614
2019-01-11,1068.12,1075.12,1062.12,1069.12,1628614
2019-01-14,1057.12,1064.12,1051.12,1058.12,1947614

...

2022-07-15,107.25,109.16,106.81,108.34,2183526
2022-07-16,108.67,109.82,108.12,109.14,1872635
2022-07-17,109.35,110.48,108.92,109.72,1765329
2022-07-18,4.34,4.51,4.31,4.41,28763541
2022-07-19,4.42,4.57,4.39,4.50,19748321
2022-07-20,4.53,4.59,4.48,4.55,15687423
2022-07-21,4.57,4.64,4.52,4.60,12953216
2022-07-22,4.59,4.65,4.54,4.61,10472895
2022-07-25,4.58,4.62,4.52,4.57,9853672
2022-07-26,4.55,4.59,4.49,4.53,8964532
2022-07-27,4.58,4.65,4.56,4.62,8562147
2022-07-28,4.69,4.75,4.64,4.71,9872536
2022-07-29,4.75,4.82,4.71,4.79,8753641

...

2024-12-20,19.87,20.15,19.76,20.02,3142567
2024-12-23,20.12,20.36,20.02,20.27,2756413
2024-12-24,20.31,20.54,20.15,20.38,2452891
2024-12-25,20.36,20.58,20.21,20.43,2367845
2024-12-26,20.45,20.67,20.32,20.56,2587634
2024-12-27,20.59,20.78,20.43,20.65,2376514
2024-12-30,20.68,20.91,20.51,20.79,2587421
2024-12-31,20.82,21.04,20.67,20.87,2754312
2025-01-01,20.95,21.14,20.79,21.01,2586743
2025-01-02,21.08,21.27,20.91,21.13,2654732
2025-01-03,21.15,21.35,21.02,21.21,2543612
2025-01-06,21.02,21.18,20.85,20.97,2876543
2025-01-07,20.89,21.05,20.71,20.83,2765432
2025-01-08,20.93,21.12,20.77,20.94,2654321
2025-01-09,21.07,21.26,20.91,21.11,2543210
2025-01-10,21.18,21.39,21.04,21.21,2432109
2025-01-13,21.27,21.48,21.13,21.30,2321098
2025-01-14,21.35,21.57,21.22,21.39,2210987
2025-01-15,21.42,21.63,21.29,21.45,2109876
2025-01-16,21.51,21.73,21.38,21.54,1998765
2025-01-17,21.59,21.81,21.46,21.62,1887654
2025-01-20,21.68,21.90,21.55,21.71,1776543
2025-01-21,21.77,21.99,21.64,21.80,1665432
2025-01-22,21.86,22.08,21.73,21.89,1554321
2025-01-23,21.95,22.17,21.82,21.98,1443210
2025-01-24,22.04,22.26,21.91,22.07,1332109
2025-01-27,22.13,22.35,22.00,22.16,1221098
2025-01-28,22.22,22.44,22.09,22.25,1110987
2025-01-29,22.31,22.53,22.18,22.34,1098765
2025-01-30,22.40,22.62,22.27,22.43,1076543
2025-01-31,22.49,22.71,22.36,22.52,1065432
2025-02-03,22.58,22.80,22.45,22.61,1054321
2025-02-04,22.67,22.89,22.54,22.70,1043210
2025-02-05,22.76,22.98,22.63,22.79,1032109
2025-02-06,22.85,23.07,22.72,22.88,1021098
2025-02-07,22.94,23.16,22.81,22.97,1010987
2025-02-10,23.03,23.25,22.90,23.06,1009876
2025-02-11,23.12,23.34,22.99,23.15,1098765
2025-02-12,23.21,23.43,23.08,23.24,1187654
2025-02-13,23.30,23.52,23.17,23.33,1276543
2025-02-14,23.39,23.61,23.26,23.42,1365432
2025-02-17,23.48,23.70,23.35,23.51,1454321
2025-02-18,23.57,23.79,23.44,23.60,1543210
2025-02-19,23.66,23.88,23.53,23.69,1632109
2025-02-20,23.75,23.97,23.62,23.78,1721098
2025-02-21,23.84,24.06,23.71,23.87,1810987
2025-02-24,23.93,24.15,23.80,23.96,1909876
2025-02-25,24.02,24.24,23.89,24.05,2008765
2025-02-26,24.11,24.33,23.98,24.14,2107654
2025-02-27,24.20,24.42,24.07,24.23,2206543
2025-02-28,24.29,24.51,24.16,24.32,2305432
2025-03-03,24.38,24.60,24.25,24.41,2404321
2025-03-04,24.47,24.69,24.34,24.50,2503210
2025-03-05,24.56,24.78,24.43,24.59,2602109
2025-03-06,24.65,24.87,24.52,24.68,2701098
2025-03-07,24.74,24.96,24.61,24.77,2800987
2025-03-10,24.83,25.05,24.70,24.86,2900876
2025-03-11,24.92,25.14,24.79,24.95,3000765
2025-03-12,25.01,25.23,24.88,25.04,3100654
2025-03-13,25.10,25.32,24.97,25.13,3200543
2025-03-14,25.19,25.41,25.06,25.22,3300432
2025-03-17,25.28,25.50,25.15,25.31,3400321
2025-03-18,25.37,25.59,25.24,25.40,3500210
2025-03-19,25.46,25.68,25.33,25.49,3600109
2025-03-20,25.55,25.77,25.42,25.58,3700098
2025-03-21,25.64,25.86,25.51,25.67,3800987
2025-03-24,25.73,25.95,25.60,25.76,3900876
2025-03-25,25.82,26.04,25.69,25.85,4000765
2025-03-26,25.91,26.13,25.78,25.94,3900654
2025-03-27,26.00,26.22,25.87,26.03,3800543
2025-03-28,26.09,26.31,25.96,26.12,3700432
2025-03-31,26.18,26.40,26.05,26.21,3600321
2025-04-01,26.27,26.49,26.14,26.30,3500210
2025-04-02,26.36,26.58,26.23,26.39,3400109
2025-04-03,26.45,26.67,26.32,26.48,3300098
2025-04-04,26.54,26.76,26.41,26.57,3200987
2025-04-07,26.63,26.85,26.50,26.66,3100876
2025-04-08,26.72,26.94,26.59,26.75,3000765
2025-04-09,26.81,27.03,26.68,26.84,2900654
2025-04-10,26.90,27.12,26.77,26.93,2800543
2025-04-11,26.99,27.21,26.86,27.02,2700432
2025-04-14,27.08,27.30,26.95,27.11,2600321
2025-04-15,27.17,27.39,27.04,27.20,2500210
2025-04-16,27.26,27.48,27.13,27.29,2400109
2025-04-17,27.35,27.57,27.22,27.38,2300098
2025-04-18,27.44,27.66,27.31,27.47,2200987